[4.209339842772298, -8.247008451311597, -8.163823299935707, 1.425705010779005, -6.3716860161964695, -1.196552202204895, -7.769100042192257, -8.233705911096107, -9.492722160888976, -9.025188954852204, 3.164617285831824, 3.3356734345152272, 4.195071833915129, -7.819538166537836]
[5.809112717196665, -4.036830982502915, 5.848924191881231, -6.791932459175709, 1.5291043036420788, -0.4562131017476183, 7.946302606854736, -3.645209387082497, -9.59791288162319, 2.0079778888807294, -0.943219034001622, 1.4092305977038713, 9.641286524461869, -9.22334061727941]
[8.27779312896044, -7.709165939279696, 0.8111619254042335, 9.273704707109939, -4.13940394945074, -5.312887050858346, 4.997163476670199, -1.037972389941558, 9.345230080210627, -0.6144858927708654, -8.70825385783406, -2.2817605463995916, -6.579924143688167, -1.3500918524092782]
[9.00413410525378, -9.855493211101765, -9.349256320657744, 0.37889900441367885, -3.98540295787158, -0.2082637759830437, 4.966532279628577, -1.321726757682132, 4.076647341928798, 4.713286923348205, 8.832139319519456, 5.153343896468405, 2.2041735146924246, 3.8163275542439905]
[7.9429428509730435, -3.0328447104041363, -0.1945635190267616, 5.5937637971372105, -5.287522020953173, 2.025305298846483, 4.70660130860071, -1.0112542978720498, -1.3874150323529904, 4.561642749321983, -2.2075281833334515, 2.6610562887500464, 0.575254772708039, -7.444151250806222]
[6.75883027094882, -9.309453736007283, 2.931673716297343, 1.9725161068916677, -6.887904295708878, 1.057742394800691, -9.469716423351384, -2.9411364542864327, 1.565359513262898, -9.149649962879053, -3.261872362420255, 3.359193851239313, 7.94524043733653, -5.011269140698335]
[5.083549729487885, 4.218142328056411, -7.395524480075131, -1.9818586844624377, -6.820257228945992, -8.142270060511798, 7.506672209836303, -3.89936100470141, 8.29801471444863, -9.351064508337997, -5.071579854343023, -5.510056907210981, -9.630146094259464, -7.179795095783376]
[8.71395566079513, 9.738214841061776, -9.938739779663662, -7.0452861908358955, -2.2230882082843095, -5.086929427752514, 6.364956050122437, -1.0219763607418297, 7.119164410166775, -2.719212533537334, -6.669137117074049, 0.16881850036787682, 9.118944190686417, 7.024314211257575]
[3.127878455699536, 7.983325850715744, -6.468262900617137, -2.608722941340467, -8.961634763168727, -7.95076667420179, 9.142022091338848, -9.900690598427639, -1.8593732322057654, -1.1209377303258616, -1.5208398740350262, 3.7905212504823798, 3.3997878400408066, 8.720036951283564]
[5.005996421903532, -6.089177978378482, 1.023020707557066, -5.398692771211953, -6.104992298568261, -5.558544335215143, -8.953675246934296, -5.382089850443343, -2.920412457496699, -6.849281024069789, -2.6178348711842663, -4.666911587083938, -8.14640177566011, 7.563543628635557]
[9.267803763195857, -2.381483070751278, -8.37618072839007, 9.999963796215962, -6.6496352763946405, -4.985643724256321, -4.9209531357951715, -0.4043775159053187, -2.1214209189088535, -0.3649827723257726, -1.0140936546432187, 7.054278883809079, 0.21346741649710133, 1.3339514858534773]
[8.920189155078077, 9.381554005140565, -3.0633255884818755, -7.3100832665193245, 9.85855648281703, 2.9787724484898366, 2.2184155450158105, 0.03984056528569724, -7.034013180724356, 4.063407618506538, -0.08497982023353146, 6.27332461895217, 6.146491650422227, -6.381536102743313]
[9.868753554781925, -2.4317270129054, 8.35920198791191, -0.9441841078514059, 0.1895982103874978, -0.39659177294839054, 9.17551294157257, -9.937618940658323, 9.844617967301595, 9.32978183205482, 5.968840376621101, 6.9431806938558225, -3.5891750216533858, -8.044030574461372]
[8.048580080137167, 0.45148471976565574, -6.801292918818065, -8.768012421762005, 3.8267682197728536, 2.985011731879206, 0.9835809867641849, -4.037932586912696, 3.3872796888687198, -0.9887954268096077, -6.831588203161139, 6.980451316092729, 3.260282734118187, 8.00278072671432]
[4.8265107358903485, 4.893206763237037, 5.7863879035669825, 9.852981884917863, -3.955963163108338, 7.211178836301709, -4.309408098609411, -5.096371741596705, 8.858556548002362, 3.7864912283666374, 4.9838126860252725, 8.382992231040834, 9.778605784409901, -9.872484532373072]
[8.974934170685817, 5.274552257394019, -7.77852174760487, 7.605941287925976, -5.455446954719152, -6.680124142101391, 8.989090131863875, -0.2539592745496293, -6.3493007406799284, -2.1425539232094692, -3.7280171705792515, 4.236710477724234, 5.991347105983671, -4.611482487175258]
[4.58427485773197, -6.129285219172411, 7.168845823832896, 3.923468997410408, 5.366811038109965, 2.899768159550945, -6.615654030916631, -3.4393275115345308, -8.65189877267614, 4.725388127041363, 5.387904562717518, 8.63290988825852, -4.634712889519966, -8.015147425998265]
[9.474754453804731, 4.531251518179271, -3.924042230433149, 4.300105067565516, -8.062271587531864, -7.963653825906483, -3.638845203952914, -0.19815707528604776, 4.6919718975936515, -4.330498981000659, -0.7581086669597212, 5.666288510838529, -5.465137658828918, 4.196201367174989]
[6.8510828685764515, 7.973622423287274, 2.019422906589659, -3.9025305775520724, -1.6499025185994114, -1.4524578944075284, 6.5469326309657525, -2.1659018213650487, -2.2700045581104984, -7.932251702975124, 9.847748756826455, 8.229268889474234, -5.102077801911324, 1.5240969165952194]
[8.721566174630905, 0.7028298973912701, 6.160188535132114, 9.536468439602242, -7.415665820035963, 1.83228251443618, 0.36570196744102645, -0.7667166573839985, 5.525369646841442, 7.8923864891213285, -2.71422095197988, -9.411556307379325, -2.462196477188301, -4.288168273573705]
[8.075840910194522, 8.837368799715481, 0.22157430412193158, -2.6554441775789117, 3.6158923855254272, 7.487580313827841, 2.715202301632109, -7.79971625480904, 9.033452405714609, -1.5944532715865236, -9.810305671431209, -2.2683829939384808, -2.1727516862993967, -3.9682170208839214]
[8.45210317003015, -0.6192794677525768, -5.468663799114315, 6.572389752233427, 3.5527778035351822, 5.6129437998474, -7.276786583561641, -0.7139492850331557, -8.643533806884063, -8.691112530148057, -0.147237078881858, -7.227179885444603, 0.9481832460475221, 1.9801921226227783]
[4.745083707867838, -0.6001729895364871, 3.438088000423818, -8.782500632965753, -9.702929905164039, -5.81485909372107, -8.889102964505744, -7.344798222736557, 3.7761855895381924, -0.11929506823192426, 6.70131716501907, 5.18065101059344, 5.08472106122329, -0.29662593040348284]
[8.636711958736498, -9.291345768439303, 9.26235845839513, 7.563518297810031, 6.401082131583113, -4.394221529825673, -6.25599133229983, -1.0358352951315766, -2.588110237402992, 7.708456633567117, 3.053453849538215, -9.469666836971795, 4.2864493073421315, 6.984777393074836]
[-4.1806092925745535, 8.705803388865185, -0.7171408927471852, 7.936529724062009, 8.370822170014115, 4.248858049167914, -6.511144707640972, 5.5106847364742535, -7.1861964265866485, 0.34428102502957714, -6.488277800064384, 0.3619034211896288, -0.3741734697145276, -9.106620028412937]
[7.373908869835635, -6.279025542998697, -9.525983808730157, -6.502143108797167, 7.578232807855116, 7.966177352223589, 9.025845501638948, -1.548522641451795, -0.6844463251058635, -9.535295184656345, 3.697930092113136, -4.595943967996741, -6.618309344554907, 5.378543205748635]
[9.403224382528684, 0.3417510397354828, -7.346449565902196, 3.7077386696503787, 8.529841955273422, -4.932033630985622, -0.2230788207357861, 0.4785200898094537, 1.6758369052567357, -8.467919943750273, 2.4730416139742353, 3.440838836467101, -7.118311678372842, 2.2376405888844673]
[8.977134824851237, -0.8239882792016893, 8.723390124627695, 7.481413956445337, 3.978186329273905, 5.154250979996565, -3.5152602338664423, -0.31546131193911364, 9.08756733084805, 9.204824273114312, -7.034932514455461, -1.1439618766923836, -2.28929866036649, 6.576750361801917]
[9.427281919435508, 0.7887401620455847, -7.407333228981554, -6.339225454068497, -6.022446757812343, 7.934900261559324, -7.701711785423697, -0.8495071142289454, 1.1208147295523645, -3.1282963005698416, 5.443572920231066, 0.17386540668983486, 8.288267599421381, 7.247596217525857]
[6.192960589988338, -4.711399489184263, -9.25268768397082, -8.763758616598011, -4.868454536701319, 0.5667927710524836, 2.85408138779308, -4.525796038447812, -1.0697712136393527, -5.427853846427038, 9.796768214131216, 5.1072695168257845, 6.154388330255426, 3.90470952106093]
[7.405628832275827, 5.023479884047324, -0.8804069643001711, 0.34295493374080444, -6.4034507486799175, -0.3830356140841751, -9.388998735120735, -2.3008648250131714, 8.499046573723245, 1.2948132564564823, -2.0338681855789336, 2.0233262484665815, -6.36760266714369, 4.232307058864372]
[8.270383700700581, 2.103965903408813, -3.010569791848255, -3.1315863616809736, -2.095446770917282, -4.167685042591332, 1.7149474268600269, -1.08314644827432, -1.1650619909664925, 9.71687260130198, 6.878692815617974, -3.0426382903864857, -2.7265760675520063, -9.401162289804248]
[4.913848279366837, 4.394769836503512, 1.9934690857104478, 9.141140697079663, 4.290805158688183, -9.920261361370352, -0.7634877846255641, -4.059865447804518, 4.636978005528601, -4.637962280746253, -1.6922123340101791, 1.5356298778598028, -1.8829057673738188, -8.967411286386016]
[6.944528891264305, 5.915851658355582, -2.9261095958732186, -4.399540523394652, 0.5274729165666443, 6.9956809790383865, -6.603446417158628, -2.1465380877985236, -5.809187956025075, -6.227502712640778, 6.235525171334217, 0.6727465843190892, 5.310522110326662, -0.9624838747609488]
[8.02807351232531, 4.56451142438841, 4.8707428002666635, 1.6204573539144018, 0.6893215154552195, -7.597372466891768, 4.6392460393864265, -1.0470984839265878, -4.038187536711559, -8.0811160764021, -7.280057506763836, 8.153474790502784, 2.5993507390826274, 5.449151893466999]
[9.156640003073175, -7.914645521242399, -5.22310706854237, 4.819127628471346, 4.164845026133609, -2.8630108908634533, 4.9564905331716105, -0.2298880814881592, 6.00676527922516, 4.589651631790691, 4.5204894481807845, -8.208597442868859, 2.1059550734710726, -1.1102757508579781]
[4.4243732224103045, 6.90278590235549, -7.089428924046484, -4.855350191431286, -7.146924412778932, -3.147906235901729, -8.582776588066274, -6.7017337352546384, 5.802301867145644, 2.7157975990019914, 7.2333745903753375, -2.0900663282027176, 4.517753040353901, -4.24346943653477]
[7.811823731683379, 7.048065187711316, 4.593616244152285, 7.131711964083362, 0.6942350368536054, 3.007289408404297, -8.363405822117718, -0.5545867383599372, 9.037305084527127, -9.139806613488258, -8.006742066958129, -8.735460919795413, -2.0441997539201706, -4.099571636526398]
[9.507034846480128, -8.405808194043942, 6.904910244286601, -8.747335140180116, -3.165648595119716, 1.6717994630429267, 1.9982968134131518, 0.6354184144032349, -9.981063196831087, -5.323509499131744, -4.354041089172831, -7.071597581874338, 3.044318063268639, 2.8694062939326415]
[9.921956174788026, -9.001817130588828, -9.440172497402255, 6.610959128769906, -5.539011652061959, 5.188755110235995, 5.356227010526929, 0.8562334151449775, -2.46161741902778, 1.8391152457481503, -4.042270230035008, -2.5498779485707113, -3.503768488626429, -0.24369072676902093]
[9.931394195618168, 5.391696342197392, 1.7924391238600954, 6.172905380271349, -8.442923337909765, -4.9958343985853055, 9.303464127678652, 0.32253188189824655, -5.810825871876364, -3.4499160812362772, 5.32016991704956, 7.589036686774534, 9.875735857015698, 2.5319449166209296]
[8.879143257996724, -0.6535085032039163, -6.726647135377926, 0.4664469322283278, -9.782907580247358, 6.831323164763823, -2.3379965937932905, -0.7565824134681183, -3.612412951243595, -8.707657007386558, 8.516967109498378, -4.954704220531612, 9.023113964959364, 3.236637117419786]
[9.705437766013162, -3.795606093127965, 9.9239189930315, -2.7223102660053726, 5.209852112922039, 4.051220637551738, 5.809174114042557, 1.1800291422265516, -1.5449947462482818, -8.843017827044816, -6.361254951460684, 1.8826964042626884, 0.7518992408517491, 1.6357243523644964]
[8.736542748362062, -8.065259747361848, 7.88018810209725, -9.845727404013292, -5.1481522894174025, -1.5009820036020578, -3.850279606307616, -1.2436573355697096, 9.19045003535928, -0.6525741185761174, -9.05615176171517, 0.6133842376842544, 5.695884040474057, -2.083358108303573]
[9.958231122769945, 1.9167302788295615, -2.6506382931739836, 2.235929944747374, 6.866084758507519, -5.190183830192645, -5.49699328320057, 0.6691451208154007, -9.80325740700686, 6.764700466482523, -4.373914261506657, 5.889889768588606, 2.702943286853463, 0.8587260013885629]
[6.929962253728995, 7.7596240796746585, 9.44809394118774, 5.240876580393614, -3.893055974282036, 9.551957599123234, 0.32634896773319966, -1.5661190050563771, -0.06778443748720164, 8.413248382379038, 2.0286596994927013, -4.3682393002469455, -0.8779523771783744, -8.182346859744234]
[6.178031961828072, -5.082916146980585, -5.906279507777466, -7.977795444111586, -4.4857578688415245, 9.93229160221183, 1.9531009993030395, -3.3766513602517723, -7.972089374202882, 0.22516442128664593, -2.331388627086044, 5.559907947900635, -5.50559313807899, -9.865385317993443]
[9.180335337472826, -6.6282297051961026, -0.42940499336202187, -3.913737167492128, -8.872537644647, 7.68632153781034, 4.988449865677065, 0.05882431140876676, -0.11519748120852569, -8.995519450615586, 3.902261144585811, 5.015305861663448, -5.2369968842188825, -9.225920947284187]
[7.927888490659356, -9.207450200089477, -8.857667038696384, -8.549398623927969, -8.645096654305345, 0.2660130715246325, -5.371253531682971, -2.9511062546661204, 9.657239598767799, 5.854500273949215, 6.781424990338113, -0.40603601497762476, 9.866060122486651, -2.1006186136666516]
[9.763551347295657, -8.303510891655543, -7.8025869794959, -4.80922339599047, -5.053728699003781, -1.7508691380128933, 5.131508506370482, -1.057541152338894, 9.439129141605761, 0.5339021166711362, 8.182681577116767, 6.566446996181018, 7.615878122052457, 1.2659920864609564]
[9.702378233760875, -5.9281005654806584, 4.311403932039912, 3.6127133193413847, -5.07950617341296, 6.030672313312074, 7.4873981583334235, 1.2559551597629248, -1.8203162178984265, -7.301029792526266, -1.8193923508290482, 3.7015283143519895, -4.6581042825658265, -6.730640113690065]
[8.279583461282488, 4.557949495692348, -1.7117879684822306, -6.193781959987755, -3.014077636616417, -0.9935743389205758, -1.8679646888465502, -0.26182296948008243, 2.6383480435184232, -8.98272450601112, -7.086771739126412, -9.421803520165739, 0.8671874200873315, -9.11494715985073]
[5.595912896492836, 3.988500713261672, -3.8311180485115637, -8.305849275326512, -8.073661932905395, -2.3818145718379675, -0.2927225838497236, -5.568393199752808, 3.167462501735919, 6.2463641366739395, 4.198241580797674, 6.62458699114778, -6.861083054616444, 7.159524667395438]
[8.414230876606553, 5.803580057904011, 4.800741825614407, 7.401533516206143, 6.719377495333035, 9.20265807991403, -9.381236685117607, -0.34547671120921564, -6.768811805302645, -0.021939133986489168, -0.502603520511995, 3.195427527141174, 3.1839784099961115, 0.18086673740225478]
[7.9529830921131115, -8.404152627055533, 9.911041221959028, -0.6808296625472678, 5.386764332836471, 4.435463420871509, 0.718541489098028, -0.37269182004406787, 1.8257935008523614, -4.186564908420472, 3.100457801690901, -9.836031477687065, -4.635202899144842, -6.901822705570431]
[8.455645023939386, 5.484855246724896, 0.9279833149819883, 9.244787685680087, -9.061935588141237, 7.082591473345804, -5.326571029608758, -0.3287798960597712, 5.748775029484133, 8.306685152288658, -9.113051781553708, -4.565816588521878, -1.8775181545650668, -5.723736037067013]
[4.147690688236805, -3.7607258908144114, -1.5960908883970077, 0.464723255814949, -1.7948671819255289, 4.417988435892443, -3.089701174613859, -4.876777407880719, -9.176718664700815, -5.777167894518311, -3.242614104289232, -7.884350021012243, -8.589306157142246, -4.123611521532117]
[7.788721644373936, 6.218835299889285, 9.483357426418983, 4.164360807508604, 0.4282093945156866, 9.304323960661087, -4.346105809408334, -1.2595912728056327, 5.701455187463436, 7.989310500995174, 6.098351914533904, -3.941579890818372, -6.086112844940381, -4.382697841864756]
[9.274041020825791, 5.848028186429273, 7.279915598090373, 7.9631543116135575, 8.005863645968038, -9.828798745929813, 1.1136459642138874, 0.5260439431657797, 5.584485882821257, -0.6242839144628682, 1.0397704304620987, 7.839136983306624, 4.329781075095646, -9.363126017309067]
[8.566234136346093, -4.568597046356344, -8.277654422041131, -6.664258152654867, 7.6818851606855745, -5.768882998589204, 9.841732608383765, -0.9706460888457347, -0.9828133807788006, 7.926905874456647, 5.86098265491805, 0.26365588844910626, -5.445240642953424, 1.472728450833694]
[8.81400120701343, 4.146361779920314, -0.06826841242571291, -5.273775442323821, 9.353226686350059, 0.5156477233292005, -0.06228681810487657, -0.6783761703732019, 5.417568638332007, 2.846973686681501, 8.387309976606204, -0.16973153372446603, 5.9483341145868955, -2.9790743646163413]
[8.889573161528972, 6.205126324298771, -2.416950209395326, -1.3748523993908357, 7.766833296361121, 9.25999460071277, -9.616288489434922, -0.35144191654362444, -7.614451365956367, -7.428427517712746, 0.3992253276595843, 3.7432180441935774, 8.647702791963901, 7.934584627808338]
[9.329511950932297, -3.0512161824750805, 4.9817743863738, -7.522729729853596, -0.9957762798579708, -6.754603687877678, 7.736111035906141, -0.27913081072384216, -2.232226600024683, 1.9741841409754954, 9.64377725202688, 1.904471041116146, 1.9820097479124303, -1.9724968632114468]
[8.955191778272937, 3.5934897427792034, 6.446951158883778, -6.089991627165261, -1.542293783353978, 0.5994201377881154, 2.8996831375875978, -0.14749623437669435, -9.70075457463672, 3.4290456203704185, 1.941432219385824, -1.195373755727406, 0.31466686791740806, 5.1508838664618395]
[7.164823567518667, 5.8265265865144755, 3.1835485176223273, 3.505481996016238, 6.377978389760777, -0.9460043145207031, 8.446603887304043, -0.27679997118847766, -3.4683314737519026, -7.243725375389771, 0.35508395828733086, -5.6173341101940615, -8.48726262745761, 1.57329338818991]
[9.139231693914972, 6.026536333930707, 2.4139038798400207, -3.5187272793504842, -3.7569285537689385, 0.9280816140408987, -0.24058089313343345, 0.5419843943372271, -3.8535812591746232, -2.4191414475191353, -5.7133919743047485, -2.2599087125927975, -9.490738688346877, 1.7332463516145058]
[9.082556690228639, -3.1232242816661815, 6.98547636128033, -3.629697996088648, -2.2686299693884653, 3.6357104836688965, -4.52973287599767, 0.4884942791411895, -2.016114096931563, -7.286465034107021, -9.46962150830236, 5.164699225862677, -9.098948752273524, -9.261878061053487]
[8.879052612226875, -9.271093047665468, 1.6364201587023572, -7.99410233140261, -3.2020890609722326, 7.814676055772917, 7.5311616631615905, -0.7467342715723433, -3.5388870522150206, 7.992221148752826, -6.158072336870637, 3.548301679982842, 8.804515466533527, 0.2704917227882948]
[8.262851796170263, -3.9665589279959264, 2.6344948830636135, 8.795652710686554, 8.59269229444265, 5.716430781730434, -6.9234586113707675, -0.4897774247900486, 3.576146672125816, -4.818892541522375, -5.4656896225308245, -6.455134373381297, 7.138888246327671, -2.6500554633375]
[7.26026963429635, -6.293611841284418, 3.7172919663040727, -3.63185933018017, -4.499867611904687, 0.27537580286873187, 4.250715332550737, -1.4971824437629522, -8.603629774901503, -6.05733471920664, -2.558813647740754, -7.166447929738073, -4.513790109891394, 1.1735199717449376]
[8.912998235715719, 8.375346060660597, 2.7499332912143117, -0.5175123716226775, -6.394503284839626, 3.1450409352340927, 6.791602495646558, 0.33516712388513525, 0.28776056584376164, -5.44218540764512, -5.259033400635824, -4.511554091066312, 3.7362426963404616, 0.7367790317174325]
[8.651319852392419, -7.002217847258492, -8.047753251752576, 4.713448763439088, 7.348281766917104, 8.217310198104805, 8.799731716543487, -0.6597670530260018, 1.9235776700603058, 7.760563236975408, 3.572133179972889, 7.279822828959851, -6.754928876991619, 1.539247936770158]
[5.113991107720956, -1.5384071573048104, -0.3488411021492581, -3.7032041205200876, -4.165270666785464, -6.333996861227556, -9.689621682326921, -5.334399948646706, -6.628788228981001, -5.2235815978554845, -3.9866118639017394, 1.1280075894063586, -0.7038273240143447, 0.5626729747708463]
[9.688971355722394, -5.598384461431296, -3.518938573074621, -9.446475787171249, 2.6007568260347025, 8.233308403469795, -7.602065548064081, 0.1894188138564683, 5.26355333092739, -8.817819624403182, -0.23526481543831146, 7.397584773763576, -1.2951429749829746, -7.602231377599196]
[8.533037787573132, -1.7864564780520116, -9.371844039196947, -7.060035171772143, -4.529844524573054, 0.7979585821695103, -2.619026117627885, -1.155039509407672, -9.078786613161958, -1.0603374537613917, -2.2157675328425146, -2.1224709736887792, 7.597971012928948, -1.4019326518066926]
[9.994603807128808, 9.613057270486088, -9.259491709261775, -6.095330396520213, -0.9381580552454736, -6.647672595949247, -6.949031339963579, 0.04739805777528083, 4.570222834262719, 2.8749475547821124, 4.441914763970571, 0.08511031095590837, 3.6827366370967667, -0.1095620431844413]
[7.09241842683873, 7.77502652297602, 3.599864915205984, 8.622121032860125, 9.214232339459343, 8.538698754910897, 4.85456302152647, -0.6494709857332168, -5.597242955561628, 7.865339155253437, -7.7250428969878016, 0.5254897127472802, -1.4405243984717053, -9.033483700629102]
[9.773410775063422, -3.9510266843706976, -0.7496501971682807, -1.8928174910472748, 1.2148625817014587, -6.853053897871819, -5.028580542796024, -0.2442486894860867, -4.613685135546575, -0.6983129383523412, 8.908778613814853, -4.243389353245539, 7.986625854685773, 8.156866844797271]
[6.215182427123651, 8.724892965293009, 0.33652769498298163, 7.665375145265692, -3.9670670777989088, 6.0554100718948405, -7.892129830804384, -2.4863382595912276, 0.24876442711810753, -0.5535543152195324, -6.664816625071905, -3.3218967400068022, 6.2130259692502605, 1.1760021344479554]
[9.463737810334255, 4.148292004933051, -1.1805275190919993, 8.177824934170825, -7.784566507212429, 7.550786378470278, -6.14443559892726, -0.25214605358144837, -1.240447475196472, 8.355253152499557, 7.1493680990082105, 1.0068951281798348, 8.210003392390341, -1.1146227521539398]
[6.759056070895916, -9.688897594884118, 6.044367781548981, 5.092911687476409, -8.853611962977915, 6.37671282969546, -8.280139056343685, -2.6373028703383046, 0.03465884914860062, 3.8923949757643577, 9.051117777228907, -8.923381324670638, 1.8092963391070107, -5.9158201297952235]
[8.5944153321812, 6.698458247284854, 4.9893464729111905, -7.839444589914766, -8.907081973873716, 5.340844474048172, 2.5455289896166633, -0.8656046008290819, 7.842164112003143, 4.456124313094243, -4.8669844656248085, 2.580254165013889, 6.53211798300736, -9.391972385797285]
[9.623411976677158, -2.263408456470777, 1.6476510851408506, 7.309659500198297, 5.947834534817641, 9.008279399275342, 1.934657795041037, 1.7872060583200327, 0.336734319466105, -7.1906004061882705, -7.367385241598184, -4.611964623734015, -0.8172326951714943, -7.288885564536887]
[7.7981223852177415, 8.555243715985185, 0.7583308071605437, 3.902783758493575, -0.4063471028450909, 4.747769162679381, -9.451223876741707, -1.222589538610075, 5.550200623100437, -4.429663383219364, 4.277332056497611, 7.471893636412116, -8.638487847394483, -8.199605212190399]
[9.793656043517359, 4.3189005168148284, 9.400698832736392, -5.412351306567174, 7.936661690497928, 8.145231175747806, 7.999354457068925, 2.160170404130575, -0.5914717074485871, -0.03933105834857287, 8.694534306155578, -9.66276117691402, 0.555723705806777, -4.969218627940499]
[3.8098969973118777, -1.5742588718182198, -9.083097377086709, 5.4027048925476535, -9.410310146391044, 4.113749449836909, -6.457145233758224, -6.6903767411718595, 2.911954467335951, -4.018444915304982, 2.998051417460905, -7.078943347732743, -6.402512789915111, 5.54533610566077]
[9.647439430650348, -3.2851206612427752, 3.816523680762634, 7.411014867028168, 5.303988412546142, 8.092344555425552, 1.64087123388979, 0.04213015385893648, 3.5663118707478425, 4.087518405939775, 1.042939490927619, 8.165755767793897, 4.97687773760309, 7.347970058881572]
[9.749403526328237, 4.496556038832285, -6.014071491190833, -7.500676584895139, 4.824951193259441, -6.798527450211749, -4.194692038048908, 0.09815484510977512, -4.142237512841316, 7.135672206216807, -0.834851477378491, 9.160938497273015, 1.8484163793641368, -5.740756826834909]
[8.264668392821768, 4.436963019772426, -1.660438748345543, 0.9235647694447753, 8.643079879592047, 4.0860850718723345, 4.600964965279195, -0.6733077838736516, 4.352805939000543, -8.669589507805354, 3.5441290416942213, -1.161524361821865, 9.365106419763428, -0.282655267068213]
[6.868468110317963, 1.4599011502143018, -9.42413272863922, 9.905409814646099, -4.948485762386639, 6.20574672092409, -0.688197635662215, -2.235815920373902, 7.911590225554896, -1.3677915751691057, -1.0184769570883994, -6.560628702828522, 7.863674651464194, -6.959904251243467]
[6.660836873275567, 5.868667158585001, 4.183815630896419, 9.682361088939732, -1.7204285054828325, 7.097466820437553, -1.520225612129213, -1.8962442560736292, 2.5238590343958407, -2.610193073127385, 1.0773238230330318, -2.465559436180625, -2.2556290861000665, -4.838040413044231]
[8.171730990731245, -6.264045483983381, -2.376711491064749, 1.8643309401729802, -5.65028948511274, 9.75197665792497, -1.066338477888129, -1.4282434269417834, 6.29987001398003, -4.186331562181245, 3.374977886173866, -8.568330002161579, 9.751252123333135, -0.88683221505433]
[4.080417478449279, 6.320834298044332, 4.593065065128849, -5.249997874770223, -5.489592407604011, 7.969865094840781, -7.5538476430294725, -5.666335792611927, 6.599656664219058, 3.0296936270960355, -2.464232644367465, -6.6067964643281645, -2.3313291945066776, -8.416731230877257]
[9.009548821890466, -2.7963645844518332, -5.177216866899048, 9.733135929110603, -7.413740862000974, -1.6736290807671406, -9.793682678006416, -0.9437857265290042, 8.061112424405561, 9.877623703641977, -4.517762130352496, -1.5744362171806827, -2.6995943101335236, -3.4654824014558088]
[7.209982003947349, 3.7096983748740406, -5.954543092444267, 8.002127312743298, -2.8381707320526184, -8.343734786870243, -9.269802650830108, -2.4663916989563406, 6.747812123798326, -7.961439651857798, 8.39989888831586, -2.4770929367734684, 3.7260985713231918, -8.44970798171989]
[8.015510951935116, -6.692138173605279, 7.920059285441724, 2.5719732030071167, 8.16635504885144, 8.641241964961644, 7.300506020220261, -0.9958182454337106, 2.047553353324499, 1.0522946090784409, 8.276659581979345, -2.1213772463350233, 7.709461529875629, -0.0942893653407122]
[9.544474185451357, 9.878223069110607, 2.271308331697554, 2.8843152138658503, -0.09581812476831075, 0.05926678993334811, 9.980880385207644, 2.114973641390808, -0.6360072571539437, -0.8031764732399012, -6.214896358014894, -7.995402020068063, -9.453631919330638, -2.5632934136135033]
[8.860139362940192, 5.379454786731003, -0.6181021808983083, 5.162652576584941, 1.8059289069333833, 6.108945532831001, -5.415444878429476, -0.4450685177716487, -9.505066288450017, -5.800363445472632, 9.108548271531419, 4.6353647150363635, 8.77416874506428, 3.839731529067649]
[7.837170773710881, 1.90065045016172, 4.530794831403055, 7.528747732969283, -5.317762058173492, 5.417155503387441, -7.985936935451177, -1.9154862477156431, 0.4512304608309421, 4.123926559233482, 9.993961374048858, 1.4888569023958826, 9.175376075563836, -7.997627499562874]
[9.091822579226825, 7.067231785154185, -0.34406489757355274, 9.258807341369664, -1.6392625211549383, 0.923287744205922, -4.726611434916399, -0.22913430696173265, -2.671195682306699, 4.529300003956431, -6.332498650363441, 7.4810624650051025, -1.7603574559726791, 9.765048388525798]
[7.24808361262879, 3.4605215567610195, 9.799035420463323, 2.4321297266696753, 3.3008628982349286, 5.1298304076171775, -6.783489629274692, -1.3027792011931467, -4.737749058919096, -9.585420466246049, -6.809685612735883, -5.1445361904525395, -0.6599193531692364, 9.441092307586171]
[5.2811246545911885, -5.589225899391225, -4.2719699872265675, 8.091065011712587, -5.651855709496331, 7.465050683277973, -8.238759497679291, -4.445499404387638, 5.1327305692932, 3.4662948372765356, -4.778204611428598, -9.511889411181262, 8.770044088273995, -6.975695690848283]
[9.194726100267086, 2.640629448998837, 8.312038723789009, -8.900956389355335, -8.051466320582232, -1.0393932119404674, 8.383524362098274, -0.4654300964123408, 1.2060377000211489, -4.123785523903097, 7.025881005934689, 0.7012037960485422, 6.620073511311478, 4.1973455534383]
[8.46610259073936, -2.3236728570602017, 5.5707018072615035, 4.766750654202596, -6.891784169147197, 0.8859411428451054, 3.5901853555797913, -0.3009540788241658, 8.072358041990789, -3.335508623208028, 1.5349439720977909, -5.201042678778009, -5.589381184125473, -5.13200741423657]
[9.549966205989488, 9.340223904966145, -7.444598989521225, -4.843123178653483, -3.6831694683313154, 0.13553621325816678, 1.037891467407487, -1.2051187815835878, 9.785039606425084, 4.479501814775508, 8.872619360647459, 7.494120842005177, 4.660851270832216, 9.879177603908872]
[6.657982193102516, 3.5992324888557867, 7.296406432308629, 8.83990800634123, -5.335913370885146, 8.719789862973098, -4.895662388002833, -2.168345748563225, 2.1876608345611874, -7.465015148332768, 8.373714514769443, -0.7678273307628842, 3.5224163012551344, -9.878895310653101]
[9.74984310789429, 7.753922282426927, 7.050565424492724, -9.071564399456065, 2.821558318053196, -7.5084623185863, 9.86900441820875, -0.14433981141961638, 6.9461007485710695, 8.360889970306008, 4.811712418634064, 1.7731813349769165, 9.592331423693146, 7.870819411800799]
[9.958456271813976, -3.0343134886011374, -6.859363216641423, -2.803078231512714, -3.8910840510669846, 4.995844436810213, 0.4772717583440418, 0.6184090882783462, -2.540313162451997, 8.01616512380727, -0.9089916273718384, -3.512278561983903, -8.183032508179375, 5.6863583303018785]
[6.900001971932692, -0.7966470761735049, 0.27244654339852303, 6.435764290505961, -3.839477563947254, 6.3356107318543025, -7.445081914835998, -2.4340837730889593, -1.2105073140833689, -9.112228044606969, 3.7537977630510166, 1.8332801810739277, 9.162332620595222, -0.5922996912457741]
[9.496756576108083, 2.3257860564727846, -3.9957497276265697, 1.080523028728006, 6.676751560401534, -4.410450413781168, 9.075203321804445, 0.04885844676022444, 4.058214018496942, 8.729882416200624, 3.5363395988524857, 7.72761002128145, 2.2166202465714786, -4.734631316101343]
[9.472984398704668, 5.294256190817347, 8.150931463270297, -6.437119103057725, -0.3401930315815598, 3.2360838767257256, -0.37208869252473065, 0.8513859354160314, -7.825577010890217, 8.718772426521678, -0.6229433149978512, 0.3309250079311994, -8.198608757522159, -3.5051745341397673]
[7.951437142223799, -2.324858112408428, 1.4411682218531414, 9.672610950786058, 8.015458499078505, 6.5119580866490985, -4.139960788441113, -1.447567365312672, 7.9473315629217325, 3.5188818066174257, 2.6992578181283235, 1.4885218883071332, 9.538243855939808, -8.413027152172996]
[8.149810259281988, -6.759897198579441, 9.969616762958974, -0.07695429800483922, -7.220621568741321, -3.710156413201644, -0.6722977088321329, -1.4833655589816424, 8.31367600091604, 4.843273308341258, 4.931816338673025, -5.674471090956921, 2.8855584439108064, -8.514570930050063]
[8.180101136041188, 1.681429825608431, -6.561474535640926, 6.461739730938774, 4.60324113672579, 2.823071978086043, 3.144459035780745, -1.064349125196971, 3.294397784668453, -5.1756861406087, 4.626987156559881, 7.6346963541373505, 8.640547060351945, -8.015843880307795]
[7.640623200059636, 5.241477185451789, -5.120373437976637, 3.076947182860277, -9.106742586466407, 9.556126506502757, -0.06994239943510294, -1.8636469115449152, 0.050801243712172095, -1.4022715127037788, 7.1482239516692445, -0.5193646083418813, 8.377379617637327, 0.0961315268134939]
[8.838883920325788, 9.946104017840632, -8.018632215442082, -2.9546210735691574, -1.5046660504633724, 9.837591742656201, -5.133634012416135, -0.735101753141139, 3.233699764099038, -4.282188284250406, 9.719856126749576, -4.630168604374527, 4.125983342745773, 6.743347952891789]
[9.460801642441496, -8.236119362637318, -8.203848878598226, -3.5474901759447963, -6.941997256164008, 4.51599587376651, 2.5189224392261096, -0.9874465341381864, -7.910042147145648, 7.353979152334503, 7.778414729702142, 3.745283398467759, 8.70986110464666, 7.543500814442588]
[7.095008193998293, 7.5951314573144195, -8.807934692167422, 5.649623330836215, -6.316984677217405, 4.167588256217641, -7.529704136200362, -2.677820533105624, 7.240322627399742, -6.810365699657977, 5.379799103900879, 6.14223276944729, 9.541776085881178, -5.4328016610671455]
[8.200761887001974, 0.5608572192721084, 2.2021863242076236, -2.4723175176585226, -7.137139428730488, 7.143422560260905, -8.115718222778227, -1.2326419353807427, 2.7402192013290083, 3.1968507685826104, 1.93700811797477, -5.978530344112709, -2.6956897742268175, -1.9171396641740017]
[9.484492383879594, -5.826213872405539, -8.498460010665879, -6.705268458008757, 3.323422199869297, 1.5086648782666217, 7.096207396384241, 0.6255220212695853, 0.25550150059077126, 6.41378307454697, -7.609315224502799, -7.540597348547191, -8.650504850644044, -0.6455534656691917]
[6.728720445597244, -4.130184518103035, -1.0198192591094148, -5.619603349478568, -4.543714653154625, 4.187727027561099, 1.8450622310961222, -1.567492943733214, -1.5718787130760976, -5.619563258304141, -9.356792205826821, -1.596371081570119, 6.977635511900747, -8.729429289968763]
[5.301397894396175, -3.084862474957813, -5.1685880739516055, 3.432881838095504, -3.85864699552664, 4.811704349109608, 8.21225458050155, -4.547930058362839, -7.870078965840566, -3.3775189539581074, -7.123765151045758, 6.9910423135060284, 5.784280881076281, 2.005364631702438]
[9.250365797277624, 8.060564697919595, 7.551389317861165, -3.1018455048647535, -1.6035613648545333, -2.0247713259453786, -5.23182676654568, -0.11863913566223516, -1.2512749106093004, 3.8969205237188227, -4.0425827538654024, -0.09119001759609446, 5.0601817359234325, -0.43747304117897734]
[8.838153233188216, -9.261939664849297, -9.162265664184257, 1.666644046963242, 5.834806942951412, 8.247485687957546, -4.6126015381540375, -1.6048607651898088, 8.669610910362621, 2.759817936614059, 6.3185854675687985, 7.19465569363885, 9.56027872907918, -9.108175460618837]
[7.46783133602484, -1.4066605997496637, -7.3818359085328105, 9.789657191751427, 0.05938942759337884, 4.9065569190037355, -5.757322263749551, -2.4704435814414927, 3.1628384445739854, -7.264126784180521, -8.313039233739799, 0.6964741314920992, 0.32262442739245856, 6.820909134083905]
[7.285109934739541, -8.652484682795901, -0.5889891781253649, 2.968989751168195, 6.5768773662227495, -4.746404401790314, 9.091891302908731, -9.029391277559709, 9.023052966789134, -3.2836676383118153, -2.943043024780339, 9.13055667403918, -9.293413141570273, 5.11212592927177]
[3.1199585259648206, -4.822628298242167, 6.114281919836845, 3.106499182848614, 0.7141335152329464, -9.006579080606416, -8.705814090478587, -7.876660201656918, 9.719093779496973, -3.320233692792522, 1.4014288497587302, 4.26951107001593, 8.328184848135852, -4.047853336353717]
[7.886638779102601, 1.8631971229967732, 3.8947199059114403, 1.5587644647175658, 5.714684123705158, 2.5545592174609144, 7.119257828065301, -2.7129037244642724, -0.3626656560609405, -8.673616698726372, 8.2956546426318, 2.5938529411703612, 9.886883958580835, 7.184656327651634]
[6.432075204266731, 2.1696696119827372, -2.0889534181956693, -7.946890066849688, -8.139274007889615, 8.548909683974777, -7.286057732144897, -0.058039804434287134, 0.16281772197410227, 1.2605767000254442, -3.0480130613533767, 6.42239286412115, -1.3500883513964048, 1.514948844234123]
[5.607935373047869, -9.072081821807803, -7.315833854565557, 2.104145206303089, 9.567485904321408, -7.65433521812491, 9.14564298940973, -4.274566510585367, -1.7634984377137464, 8.540601915716056, 7.529204727251187, -7.766633709244541, 9.563887932841698, -1.2756556741539384]
[5.728404051068381, 4.022135971334693, -1.4683185594933779, -1.9290109232094217, 0.952134646489526, -4.834521241047954, 2.22892894213161, -3.947460368165647, -5.21591182148452, 3.63035943550522, 9.26933398946575, 2.964503171916837, -5.341144329813197, 7.885979594876581]
[6.534876046740038, 7.858495807135444, 2.9227200828710647, -4.340101529887328, 7.319026857993826, 1.8842377269712607, -9.437397330084368, -6.060377493641351, 5.239177501227497, 2.562720387625996, 4.7605899540999985, 9.078960027615736, 2.040623216057579, 3.387319702195386]
[6.402680147152257, -9.608382728650266, 8.463338157166827, -7.04021968870604, 2.6455894952252006, -7.861960569474178, -3.3530464497856594, -0.8545840338551596, 7.441703333000763, -8.143081935310907, -5.394117854084508, 5.693179638839084, -7.211914155049001, 9.67114222004529]
[9.041373299956902, -3.648727886526741, -0.9488473243055413, -9.231405752284596, 8.058838314225657, 4.561136497027466, -2.821732018019933, -2.607262609664671, 3.253204747413964, 7.013944435193121, 5.03538359760663, 1.7240977217095015, 3.8015231529614706, 2.2401433813018023]
[7.369540301988653, -8.753839890522702, 3.5120789304886735, -3.5744711752800455, -3.472222927649957, -3.9274257029197894, -0.040521066406050466, -0.8370448101305943, -8.968122159964478, -9.775592667714083, 5.8384019950182715, -8.967636643988834, -9.412852309154333, 6.471466682601168]
[7.348364297578669, -1.726184405757106, -2.874323958222633, -5.344870271367479, 5.80260943980765, 1.7730161259172146, 7.060294148303321, -6.922767925887445, 6.396911119150662, -8.755709015258283, -0.6261833059803159, 7.1038422539801545, 2.8377579725680917, 8.899216565828464]
[4.071485042544879, 9.429560566372285, -1.0816222853277146, -2.698186351038241, 4.56354679991599, -6.643908446851345, 1.1526918315944599, -7.444433779714736, 0.9311313199103548, -5.00988695515743, -5.165544964680285, -9.947447049235452, -7.952777352454861, -8.379301855143751]
[6.410142270629276, 4.41981217902606, 8.317461984372958, 7.55236047644004, -2.03508033993187, -2.1280849087865317, -0.8784155480127946, -5.092871535142407, -1.028088843053803, -5.246418349359199, 2.7401866275446807, 9.235715647213556, -8.036505245999068, 6.474171210166137]
[6.988982416875967, 3.5321007875218875, -9.290012884143009, -9.223644919497557, 9.455885809116296, 0.7888042341417201, 2.1674049398974766, -3.0254277888475194, 4.928844487573702, 5.486712915704912, 6.680959575208611, 3.18983184995216, -5.229765142291479, 5.683346725340597]
[9.492905571026196, 8.571096993122097, 0.3388501719121688, 6.874684379245426, 4.2085128562766645, 8.751166271356823, 7.345860141421991, -6.108803483004365, 7.139346789972457, -3.285438475274738, -1.9299578758042468, -7.81720948403668, 4.720383369958249, 0.45325658128864177]
[8.913109101389761, -0.06947662956683587, -2.1995689099002664, -2.998286467204445, 1.627417050112916, -9.893576780982436, 1.1563154771146493, -0.3809366934634646, -1.3294262821236575, -3.454848980394514, 4.870964084996306, -3.220070087709887, 3.61498873545089, -6.314013238750484]
[3.2573576107201614, -4.325545720720156, 3.323900600366496, -5.915681220526925, 5.802484735918034, -2.9269174824737103, -4.102908255436917, -4.9501956282153525, -6.429946613380329, -9.28203558813462, 6.155092159593366, -7.861900288964547, 2.2765877523589566, 0.3149743012314694]
[9.065045902406055, 4.4623345644046015, -6.560023939822955, 4.117695534882728, 7.944670603828531, -6.990609687228913, 8.106931286911227, -3.88212641480796, 3.8951335037382115, -2.7286512634986826, -8.676961735020434, -1.5145106897226928, 2.464333085024222, 0.19526183762986804]
[9.162814195325254, 8.951397037657912, -2.5353578176543534, 5.776071002344585, -9.680332198990897, 2.120951430240744, 8.31301548650977, 0.15134904627279155, 9.755289534731965, 0.9965661565419772, -3.6374553417571214, 5.372086899897592, -9.534871475243703, 1.5948795762951473]
[9.82680431842332, 7.221652352043485, 2.1741771847119864, -3.8121243964456824, 7.687962699375184, -9.517900337550929, 8.11271493484897, -5.859382172222125, -4.624579526090367, 2.700800673922277, 0.9379710319766605, 0.7631615340675353, 3.7480931417696617, 0.40476107457679156]
[4.140898799930595, 5.160911673636669, -5.258414811934506, 3.781079490931278, -2.987336967394743, 8.64202862542751, 9.582431391691305, -8.341143950256878, -1.3128785613032292, -7.1831057157115925, 3.987111312143865, -6.609448905697597, 8.639350150418991, 6.861922702300056]
[7.645427493295422, 5.390226001316247, -1.5511650879234864, 2.083591544772048, 1.5533830718197716, 5.054063047799826, 1.6706350138701183, -0.5148311091161251, 3.6991089793032614, -5.9049237093609985, -3.242240131185074, -7.071609235038929, -4.518560312569577, -6.424559381147999]
[9.146266329885904, 9.628403648453904, -3.111562686958729, 9.152045802862947, -6.666053425359751, 8.936907346312996, 4.836658049678066, -0.18206616450080482, -0.1383772232659215, 3.0384631154249533, -7.988162485207586, 5.330368275337353, -4.062999145989186, 7.921105959570575]
[7.264795464638787, -5.012708955695651, 1.5748996767583598, -2.5578227323655423, 6.3224088800831915, 5.997729858226354, -9.264780574752914, -1.8391101239668135, 8.581417148391889, -2.275713098970085, -7.929053091836183, -6.566355037554928, -4.566718428197332, 2.4458866819653213]
[8.229025903408484, 8.089087854085108, 1.0074621328470066, 1.3633851752196442, -4.67005493310638, -1.6454587828508789, 0.7578024135052726, -0.3727739413549003, 1.6060181415700683, 4.556593649042174, -3.7479169453319816, -9.931380967589805, -5.68784503821165, -1.6283937886924633]

[8.548011004340356, -6.961896906098781, 3.2521116838716164, -9.096830053132374, -5.158244782131036, 2.4994711989744616, 1.9729147002638658, 0.3001579393462208, -2.634149721872139, 7.727193079361044, -7.166372346090817, -4.924895470868633, -6.256949428998975, -6.670731471899954]
[6.633462052754769, -7.96077697464945, -8.115343945105213, -6.790120639101051, -3.5423095930117654, -4.871710895533184, -1.7594391263322926, -3.0006062007597816, 8.810516640363456, -9.197005173653919, 9.577313502303056, -7.126017630143766, -2.863737876340564, -5.845024673686443]
[7.729248075944618, 6.600219562308499, -1.336762029153391, 8.086657926167018, -1.9629734596466424, 9.00679479167544, 7.3982187363291345, -1.3133874833206676, -5.114904057246594, 0.027714888458854503, 7.504051389819214, 7.603227859752234, -9.14499267270333, 9.267056252289482]
[9.230353863105947, -3.460462811827374, 4.618537614519765, 9.639998613943014, 6.5023881378084845, 6.23693666402303, 2.417805674075028, 1.3914029276151396, -3.171041584931549, 5.747102284224697, -8.243831565435066, 3.966519100473853, -8.876498317273063, 2.360369158685705]
[6.198328030369254, -9.703700072719057, -6.36384701030551, -9.775485494307599, -3.089270128804708, 9.312361686431004, -2.95578112675126, -9.783360490878891, -9.064445324540142, -5.580224435897938, -2.2838781102970103, 3.425415853047163, 6.990920947618633, -5.566320638801727]
[6.761282033883763, 8.094151009131497, -5.807959204419435, 5.268163134213161, -1.2797409999913594, 8.024497575592957, -0.3005077739325568, -1.4058539781077535, -6.680468931882406, -3.6019586581614016, 9.081710695184391, -3.1922609047257406, 7.977328021825066, 0.028056216168563353]
[9.673928233672402, 8.939126751482284, 4.551122171636447, -1.4605193610554057, -6.1498899855458795, -2.8353774023927674, 5.26170332102266, -0.19147396542253325, 9.631084870097574, 2.037843239015679, 6.817018379395545, -0.8541825206751437, -7.724683557275267, 9.830808051738934]
[8.429272651663396, 7.038278396008582, 1.861715105759746, -8.595498867945901, 8.083393688502852, 3.783793993195914, 7.856931969834903, -0.12074846643067794, 3.4287353169235715, -9.50842657411078, 9.806436602235575, -3.4457847241094335, -9.819284579278985, 4.668316255623715]
[7.656202543020804, -1.9507388226549551, 3.7439889736991905, 5.918004239998563, -4.31936452623704, -9.098914646216462, 1.6010582372544313, -9.920819758580135, -5.511532805418151, -1.9731444960205131, -2.1367908434104272, 8.829186829230295, 0.5592867356189615, 2.7323724781691343]
[6.60140806104674, 9.378283627747116, -9.432640565724665, 8.938300197285475, -8.783701368851338, 3.7486090039799684, -3.59946294489702, -2.339504293246213, 9.267778242674261, -9.63061744349644, -6.581796826435486, -4.221262816357201, -3.2884607757646496, 8.412535028321983]
[9.03661618900217, -5.739606775501345, 1.7950123049509692, 0.43422511733656144, -4.706297338544223, -4.377388016005128, -8.467020702135068, -0.5263481618908461, -7.337894854958131, -2.2608851913989314, 4.48986698338847, -5.458695000445559, -3.681399331517568, 4.438877786494626]
[9.507487802391616, 0.5703903658765128, -1.0602568469623197, 0.0899864593779256, 2.457491162602455, 5.652004080995763, -3.9993239239017653, -0.13912370043329148, -0.005003960259488238, -4.545298153726744, 2.91624056685796, 4.896392306600143, 1.2460398913314883, -0.5058637347868729]
[3.8466692244821274, 7.63438044773687, 1.2870410480445411, -6.56557026678783, 2.689712418236539, 3.2464911762242483, 1.8308088389681174, -8.323630992701943, 5.382841074839638, 7.322276053537088, 9.816269268467583, 3.922806493336184, -2.86564138125605, -7.294517824130384]
[9.802283494383484, -4.705056323767045, 7.21078430845132, -9.177570528691557, 5.239633339927678, -2.062515842596344, -5.802726487529126, -0.8174713048998292, 5.129411029665238, 1.5229038845674445, -7.7747022010973765, -7.608586055839417, 9.96976788916734, -9.596632711310027]
[4.408947709172704, 8.988244140866676, 5.486033811462805, 7.883953740358201, 2.546845770337736, 3.1793851589152933, -9.458030279713245, -5.090655984023171, 5.1395589163133195, -3.45736729318042, -8.091846710349495, 9.291163292813728, 7.936565057698896, -7.669343642613535]
[9.00450472057313, 0.46809541643620456, 8.006858456808182, 7.116156073505461, -5.123453898443828, -8.979266658006093, 5.75997085307181, 0.5948502675382006, -0.3458304393067575, 5.393621160448163, 7.681254864870436, -8.072288972375306, 3.405791259648442, -5.583181708617648]
[9.016752455000326, 5.512644787478003, 6.853768746892715, -1.2296280964819477, 6.694197882761014, -1.1495946361270963, 4.713211730347675, 0.4223092219660973, 7.407792024764117, -1.8038282455352785, -9.72487591942182, 8.436555741983469, -5.858562957743809, -2.2600162008226876]
[7.7578815095045535, -4.771696835602479, 6.9692453732714945, 9.25193571839787, 5.371003948322349, 0.5091292416452262, 2.481138559217367, -1.8134252995934261, 1.0793099850359855, 9.65077163148312, -5.713449746606141, 4.073446831076124, -9.444399054006155, 3.1202897578910633]
[7.396922158638958, 2.8137837327491706, 6.805277915554221, 8.671124342084795, 8.07226238124683, 2.5497261860091207, 5.157319003702153, -1.3326721450822898, 6.155612891630749, -0.41897332518263397, -7.3610671163296715, 3.841022030755836, 8.005570026052542, 1.5303210096130666]
[8.77703054024834, 1.5441951120991568, 6.632079984172698, -0.1321374170673053, -1.061128616585247, 8.165299493570501, 9.053126463206421, 0.5278112235455943, -8.816400505322333, 7.577265112499035, -1.8628126432740721, -9.763903715657554, 9.222348512747033, -2.830989480844755]
[8.460917194313268, 0.8518764233679725, -4.827252159278377, -9.874638290821354, 4.026298675250423, -3.98913593918512, 2.243692471204966, -9.822055653265682, -0.8030283159095948, -1.92698208849637, -7.724748838929216, -8.535061738088478, 2.4092030397059574, 8.474172829597205]
[7.648762166006904, -9.017683222437904, -9.444614000307602, -7.468064649085107, 3.039433733349025, -8.384358443884572, -7.088822613167052, -2.8846862930300325, 3.8713276601443347, 7.203806775219171, -0.8258474701245984, 0.33737705649113003, 3.0765828463583986, -0.9769586740948082]
[9.98383339094747, 8.192087841429782, 1.6264732904584953, -6.300131246359197, 1.8345093108140773, -4.54470779727266, -1.1834579899301012, 0.5269998761919208, 6.68019300772729, -6.204296530855313, -1.542435512919397, -6.59733947011966, 5.298490587063636, 1.934439066670393]
[9.171811838549914, 9.018850566055722, -1.499211225254598, -1.11325653142055, 4.64722626973648, 5.680438639034849, 6.920737383694508, -0.2157020360934343, 6.756976794701817, -7.654988407516862, -0.6582975715938044, 8.04945215276273, 9.210574181186345, 7.481199785048041]
[5.414900379109827, 8.242396986880614, 3.472480656170486, -0.1764740774070539, -1.1385785210637955, -0.31462207949770615, -8.948365059177101, -8.936699409391494, -8.140011975848902, -1.6009166370974253, 2.7986509037615868, 3.901842373404399, -6.213743965980319, 5.338725746445709]
[9.788472038893438, 6.177263566157883, -0.22820713545829818, 2.3963895556735935, -7.056891992172556, -3.1980097711948208, 6.118966314443902, 0.0014564394885034915, -3.077423091495648, -9.645557034430485, 5.9034968446315474, -4.6847602139594136, -8.783897072895696, -6.8274042739583525]
[7.1609576166969156, 4.55678938150362, -4.573109779190039, -4.33963222783537, 1.9124476314888454, -2.8967572409809534, -7.968500936913605, -2.0375820931729205, -9.21225222643523, -2.6487435660172975, -6.974061229291763, 7.93608249698638, 1.94872654722192, -4.514708222945378]
[6.81167658888063, 7.027407016859264, 3.9708995224640695, 2.0456404797554146, 4.652298673395336, 6.543531401946986, 1.4986857392964499, -2.2018311990158823, -5.012964861168443, 2.4447441162622674, 6.500512000316196, 6.8582566003141, 7.285220340264004, 1.489199120383402]
[8.03180800729168, 9.117672318664635, -5.91452944712211, -4.85682972772177, 2.478028385846013, 7.330646910795753, 9.147972756895072, -0.5127302637558486, 2.72959517952547, -3.055179489501116, 9.755779676166586, -4.767212077578982, -5.9708745427507415, -2.2048225311402536]
[8.413820081220276, 1.7200433478753236, 3.4149955698468393, 3.20612367753011, -2.8269345263437096, 0.9321651155582842, 8.954587630054661, 0.055561752961883926, 3.05877771243771, -9.521137352147882, -5.224826350539777, -6.608137705612, 7.847238754571929, -5.8289789837109085]
[8.941124506092972, 5.201422454375265, -3.9815611147296615, -9.66298199863199, 4.250214059199253, 7.504027263600538, -2.9977035188285273, 0.21923622807355336, -1.8415765570211882, -8.656834366664308, -3.05782094608743, -9.635905486811549, -3.160188638898072, -2.625723539177958]
[9.017662627545434, -7.022060865187186, 7.2541303836173014, -5.139937919107802, 0.39948698846407105, 9.366622685778523, 1.22468924236893, -0.00481532692940867, 9.695520646643232, -2.984926673191306, -9.707269853569427, -9.232597015250034, -8.051130593211122, 1.7045130059282663]
[6.21554881696747, -0.8513854641196872, -6.73361023221331, 4.851416990098546, -9.22888684846072, 5.169745810202635, -6.144483018698663, -8.516446954357583, 0.7910511124600479, -5.862802115296306, -9.963817806702906, -5.268374239362348, 6.638319492640715, -9.606195337460875]
[6.180958784719039, 9.339000120872669, 9.797712308759426, 8.134392187829505, 5.223478125081119, -0.4918283479623735, -1.211184017439395, -1.3956453776417241, -9.92721247691109, -7.540067985818646, -6.1149462532682115, -9.649907262924511, -0.6987681065257512, -2.1635114999060328]
[7.09216323401289, 6.8239629452368185, -8.43785959583683, 9.13798017824147, 0.01327085842838116, -0.09436396473986619, -8.604332180589997, -2.133767886964197, 8.96633697775805, -3.3383921101199636, -2.8086324062180683, -5.8253021117497505, 7.616371398589056, -6.394436561691521]
[9.455275676991231, 8.982819116502668, -0.3143690587673227, 6.259776370364854, -7.372672811970091, 8.816510129093878, 1.1224023654883215, 0.41339556602545713, -7.708617696462379, 3.570276840818563, 2.1985808238017484, -3.9855170027058007, 8.873241160616313, 8.888896843031109]
[8.15705562672489, -0.7415866132741478, 3.651788979355363, -3.581637458179456, -3.9308982074085126, 5.489795707859663, 4.86208254863479, -1.4086886439597475, 4.480821628694585, 6.681791217764896, 2.8405463288891895, 8.463743799428773, 2.6774572305257838, -7.024498631817493]
[9.422700026391958, -5.986833439130434, 0.9618168598436725, -2.6508281687416213, -8.224395332135506, -4.671220897655386, -3.9688377259978314, -1.4028834470477936, -1.896529777243888, 3.4465331737946094, 5.315057846055183, 9.632071555957921, 9.287598130475196, 1.9482310862465155]
[9.611857716844291, -8.844617614545964, 0.5212843075988367, 2.1046139461749718, 2.7481891859515706, -0.9298598344589983, 2.5595750898195533, 0.8150834959707645, 1.6116249601240504, -8.778263965217237, -9.659321616307839, 8.068101608536391, -8.465409895044928, -4.9945840260389085]
[9.43859936714923, -3.8004447669304486, 7.4661737095738125, -5.2453913488377335, 4.030543488475473, 8.654321904150095, 2.6194713840770127, 0.07090938380124712, -1.8196168789851868, 3.0753168851339154, 2.603949649850355, -7.9322985190199375, -9.595495210479555, 6.278535412933675]
[3.328583557637895, 7.3820715300762245, -0.2950412728904368, -7.4614299160320545, -4.0333050467491605, 5.918735373453041, -7.771176293466279, -6.927565278760683, -5.109352275896455, -4.102156526039535, -2.6868467201135253, 5.431790696594501, 9.434921611394063, -0.654941117488864]
[9.881739337610458, 2.275886449448798, 6.870129999717349, 4.06125804722868, -0.7820286550143329, 7.516425069130776, -6.510834857804301, 2.4972822937127894, 2.3957871775144657, 4.152269401499581, 6.087952630228671, -9.995187140431605, 5.763179524494079, -5.431455828289044]
[9.944567335989174, 9.334179787097053, 3.949549276292686, -8.479778338822769, -2.3329710775607415, 6.819233048769455, -7.675412385708005, 0.27528055644562954, -6.91668143163959, -2.5291660250286867, 1.8290577629829627, 0.19345418823984062, 7.739340480193768, 1.7574727199625926]
[8.78725783829832, 8.249280705819704, 5.841659118438995, -8.636639580934188, 5.739426432357128, 5.473057906015875, 9.296295370897514, 0.4544016146994494, -1.6776026972205287, -0.6599107150259886, 7.187774546700933, 1.2995867025172902, -9.686453011029243, 0.11759391066772373]
[4.549037366196284, -0.26524219075398214, -0.6088244877731555, -8.90760678242929, 0.07160159545944289, -1.0556934146933408, 5.788776103356707, -5.147573075233735, 9.274921933524414, 1.590124239117312, -8.52307734797709, -2.3881985159173507, -9.331664041461483, -5.105093573851964]
[9.741908676329494, -6.963575786663907, -7.897838524724046, 8.588344877479305, 4.54705902280033, 9.335441850889367, -5.540336334223315, 1.814781945178808, -1.6873759130723265, -7.181355208886984, -3.687062560779517, -1.890725338061488, -5.965054606494937, -7.433166338378346]
[7.826210064674669, -0.08169069029295173, 5.292693291056207, 5.793143333931095, -0.37773615378819514, 8.65113686233568, -6.390574648871117, -1.4327700696293597, 8.741026546715553, 5.55243113052293, 3.8083409639780346, -8.168440484369848, 7.696307632773429, -7.773591267421058]
[9.92515921225053, -2.1562707780551875, -7.776533120789672, -2.845292342878585, -3.832535939808639, 4.443104212551175, 5.350443428825214, 0.8544046026514636, -7.278464874501241, 1.7458790691507513, -5.145478013915841, -2.304303464738819, -4.198041365294143, 4.342226783532464]
[9.65792973011854, -4.615140561241516, 8.497965682121578, -7.631111781371828, 3.404378404215274, 6.942033158093672, 3.417442368806899, -0.21212214788936734, 9.821781936762168, 6.739526591220159, 7.126025026645571, 9.00536450044531, -2.9495528367274044, 2.4362437011950018]
[7.529528788126601, 6.41669392800587, 2.8045848439170733, 1.8295530296839768, 1.3710893933385986, 5.181689734177166, 4.933649499521621, -1.2797167341933164, -1.6976818399794702, -4.353533394405204, 9.608122518127587, 8.622137563193341, -1.9677612912432743, -6.347246625277148]
[8.038610292030459, 8.425842861874248, -2.3610773091048483, -6.580622506592371, 0.3970514313957594, 4.684164940167339, 5.2982188386436295, -0.3894288338880294, -3.2343619349891206, 0.43670330491921305, 7.04151883047912, -6.158888459342684, -4.080796717933326, -8.454663317697229]
[7.961945268049853, 8.130589305580344, 5.132198302103863, 3.8485065539970726, -3.4142934150006727, -7.7570860675839075, -7.598221034133377, -1.6540358933626251, 8.54361383920184, 5.900598561340882, -4.129505770142243, -4.678134432988152, 9.145822700100943, 0.3773321170849222]
[7.543503134437302, -2.287385917470413, -5.603111735795466, -2.4615202333353814, -9.47520805985954, -8.194110649094668, -0.7114207141798641, -3.899905117211471, 6.759876294742892, 8.333107581107623, 3.4979879810763954, 2.8545807879453005, 1.4003713640730648, 9.644291837176606]
[8.411025527273178, 2.863435201962286, -3.9302610735217964, -9.47547446268384, -2.587126794800236, 9.239635482567788, 0.7651571320626953, -1.0361302545441973, -0.3468135304621196, 6.2764550525082505, -6.0482201387276735, 7.922359814795779, 1.5001215310727023, -4.366582024865561]
[8.082684011275791, -0.5928251893397913, 7.855720562489495, -0.48377696846084817, -6.562559548263389, -9.185317695939295, 9.972770839417407, -1.4281177171803492, 5.424613814653487, -2.6790859417984914, 3.664796172083779, 5.5892884543568595, 7.247097722108599, -7.300545919737862]
[9.571884070750162, 0.23072485071541848, 3.959297061281129, 5.308363937341982, 5.081024327379982, -6.690681154702924, 6.227918312497852, 0.6687312835689578, -4.225881660329522, -8.32154253149616, 6.892606345009991, 3.421437072882348, 8.795202281973825, -0.716181692533306]
[6.607135875480193, -4.950305266184916, -5.866905844713168, 5.305560521463271, 6.789880137534066, 7.311533068604664, 3.9216012123441146, -2.6970163309327226, 9.318948810026225, -0.13024212278205205, 6.609886369921725, -7.947762879290073, 5.166378621654385, 5.432178706806731]
[5.153550357206814, -5.3002880674481645, 7.826767630894825, 2.9552513572134735, 5.778691164426659, 8.134149614497328, -0.6218655561821045, -4.078157545598639, 6.9015273113404945, 0.3427278404779486, -5.239156371530704, -5.528783075587295, -3.28572145812214, 4.545093626189363]
[9.811547184529807, 7.013862900200046, -4.4533813337052, 8.799270441397692, -7.939975452173389, -8.941681968461065, -8.712786196177458, -0.36008658813328864, 4.5985846487205855, 8.231143223895035, 9.844920206395582, -1.777873768631963, -7.123006618145851, 9.541146030252776]
[8.258489480442098, 7.37996570178343, 6.108378347479917, 9.94891762745857, -4.080240708897072, -2.6384245382669302, -7.605053050736384, -1.1144271768242504, 9.045166345302786, 1.9578613671767044, -3.8237681531910876, 5.630401440265791, -8.708853733662206, 3.5539654199629904]
[4.731577401512304, 4.871584576965166, -9.011449801899658, 2.8053591170346195, -6.673071914144339, 8.139297589381023, -6.70635656569003, -5.133466386513659, 7.052104688409457, -7.209588347216851, 1.0886396777780956, -5.522979254234217, -8.950278488818803, 1.6207667857401802]
[7.531367168051194, 1.2543819496938369, 7.364381603768543, -4.611782170328911, 6.935290137504715, 3.0242789317906222, -6.522160056955482, -1.349197843458544, 0.6782591929126358, -3.014888115023238, -2.6068483217607152, 8.484485803710157, -7.957903236016442, -6.127393808693798]
[7.4794131863190145, -4.404492976916061, -4.733634084416702, 1.8785525787841433, 6.721899693265609, -5.849587748450659, -4.578269890712043, -1.766650234852733, 2.0056519844913296, 2.6439726918092212, 4.002833747274421, -4.601320073175243, -4.353099479592936, -7.08803270797854]
[9.155000524370461, 9.064168520514976, -5.441490543242198, 0.7295049761707428, 2.0524305294163554, 4.123191550967073, 4.303851323219314, 0.22474530596674214, 6.083768949489816, 1.4545984650945343, -3.882169261112649, -1.0870761472589479, -7.23676070451665, 8.113298168727546]
[9.893252662464963, 4.243533856978026, -7.582627099537844, 1.036767478571452, 5.521582203100108, -0.16949315198941228, 6.153811881792031, 0.7818134779373658, -1.8262811647299557, 8.279899368695162, -8.582633994647427, 2.2330240339162124, -1.3689254128703325, 5.777344815915013]
[7.2007027008381, -3.577328639781241, -7.479722654404184, 5.944540730649223, -3.495810324949491, 5.053611497175973, -7.274401974068425, -2.449660444193027, 6.676541206904346, -0.37160336260743776, -4.033682809637762, 1.3040634731905492, 1.7497265486917968, 0.636148558354714]
[9.101341876401158, -2.0245542353577566, 5.670716181778506, -8.84954711229495, -5.708591402371821, 0.2203682204036319, -8.912655740597549, -0.9912630313899022, 4.885057245395792, 1.2885322604802703, -6.902531974625983, 8.895798490403834, 8.187190980068412, -6.912039597475481]
[8.38673081089399, 8.586082313268907, 7.993839403196844, -0.11011286000836407, 8.632833938542593, -5.642594220805086, -1.3593602360553838, -0.25244294935148837, 8.321242733339126, -2.884194295081932, -0.6917761047985032, -9.221229280742909, 2.5280416945410504, 2.102608842024761]
[9.648051734705671, 3.5777893852609175, -3.109126895078729, 9.765214236702697, 5.593277828559991, -1.87208669173868, 3.513585023640493, 0.09047981501636215, 6.302413338478928, 2.385355360778602, 2.5311661803692953, 8.22019443015325, 3.1070037409537754, 4.1287817576470545]
[9.533751074079241, -3.1258923651143995, -4.862889610563085, -6.659116034247412, 3.523367325545168, 0.9379738649976659, 6.7819237241839865, -0.4467734230309812, 3.0393000129356054, -0.12388802309086167, 6.492671191892153, 9.015956524450203, 8.035321743063847, 0.31755327262978916]
[9.471590885205249, 5.976067025382228, -5.517470240369451, 4.857647536073639, -1.555693432525537, 4.459471075850573, -6.114412374122713, -0.2516511786776121, 6.899213602988475, -7.988762681378696, 8.876427659470249, 9.506163927689279, 1.359572345466848, -1.6319521653319864]
[9.496953102708694, 6.910386394416687, -3.3188840788868585, 7.042130925577698, -6.1143020351875155, -4.056093388305841, 3.477076990890673, -0.16230907797641336, -7.60278284512464, 9.683358706229793, 5.795797635476031, -8.527768056429593, -4.830887856276604, 0.8739771483476169]
[3.515701600799776, 3.586181222202276, -1.949778951799514, 6.893292706794309, -2.204112131672873, 9.237299216543331, -8.943232250458816, -6.802613330740945, 1.9971215319596087, 6.7942710305676535, -6.281192641485866, 8.452975096458104, -9.984891403300008, 2.647194190121878]
[5.176042826662567, 0.5047748463097435, -8.886407981022007, 6.677747000669122, 9.654079657155897, 1.495644398346684, 3.6908965594660454, -3.485347388470026, -0.4748930608513291, 2.9599306785252892, -4.510957438306931, -8.029955767429533, -1.2522397250187858, -5.821127836437771]
[9.391087522075182, 6.594171855664104, -8.880806818950834, 7.245566568200367, 5.293118641715859, -4.869113525217794, 3.1951767766830237, 0.9235315623848948, -9.351394410821248, 4.779412897593298, -9.471593312095948, 8.600281448768463, -6.414411786679537, -3.230779563988266]
[8.63273993632506, -6.84702435314104, 5.724535952140267, 7.612898422867943, -4.7999969679358, 6.450894920835228, -8.024826723085512, -1.1674176235831517, 9.737898831362934, -3.2816128439774506, 0.19555969666347472, 4.777466105431472, 5.569435308968245, -2.1132447709562]
[4.666778251647617, -8.416548364947827, 5.132208570659017, 6.26426330750682, -0.2807352663061664, 6.677684320895956, -1.0762730195341526, -5.617112827472068, 2.2593231180368143, 7.138797046503175, -9.384309043912303, 6.797591885755441, -9.31187129955524, 9.126933040721855]
[9.996394022987495, -8.036579455308157, -5.708572905626794, 4.150226062994216, 8.057245102258303, 0.9357764759526095, 2.777056804073176, -0.118587510017651, 9.985469281391424, 1.687158382859419, 8.766377890724357, 1.2875431477185977, 7.457315195263131, 4.298786407218099]
[9.993612322620688, -3.797811113798124, 6.794694140706227, -5.115803370143068, -2.5055392507608465, -5.729554716302601, 7.56595752651512, 0.3696999004104562, -1.9680024484074838, 2.641988594012414, -5.24659878715112, 8.68495966579038, 3.6994224037191596, 2.3954975864460497]
[8.355690046738122, 8.608681220802701, -0.4791891250139013, 4.630442758832881, 6.266927294006699, 2.0425213572242953, -1.7466921177079175, -1.085563885059745, 9.74560752819174, -3.6113411938786255, -7.575515776538698, 1.2401142460101724, 7.767764363827627, 7.699146337347006]
[4.388305080496638, -5.129352764222242, -4.288456785626855, -0.1865631989466099, 4.214327541205483, -1.876483127555188, -4.508005369127215, -5.638236373859334, -1.655463815977555, -7.461729592876612, -0.29423520340207965, -5.158819958753094, 7.063091721727872, -0.519538432767547]
[8.085435971167335, 1.6716303678821056, -1.7776568954728376, 9.78327574070855, -0.26381266761248234, 9.409758806562603, 7.647774595584998, -0.7038796942211967, -1.264967360844441, 9.050385200396278, 7.576105116156647, -9.270069196650187, 7.2721191322818655, -6.275811141796033]
[9.52914064106405, 4.928572828528086, -6.905133394194545, 9.172364990916371, 2.6298918357917938, 5.1130598330456145, 2.982767124000972, 1.0535562530505658, -6.756798462619988, 4.414381480644188, -3.5597861384595912, 1.664966347250374, -1.1250271037419175, -5.786779088946163]
[9.627914025138974, -4.484323081135855, -6.529778883062328, 1.160975535154238, 1.420501255826153, -6.792435830549608, -0.653049327876607, 0.530644038759224, -2.6812095999606704, -4.640940590768759, -8.752229664941416, -8.967044512232828, 3.7230348505941855, 6.271191657602316]
[6.393530248797958, 6.323623013218114, 4.284077031932336, 1.0483480468551143, -8.041444440886455, -2.005345438518516, -4.744410684044869, -3.8722451383437306, 3.39585058735344, -7.550964129509774, 0.3088772025733064, 5.004042512311722, 9.488409504788848, 8.65147847243508]
[7.959366310267594, -9.40920180097018, -9.959178796854943, 6.8610963653089385, -7.180088866026693, 4.963151479904093, -3.9697744237999437, -1.7530372939014605, 1.521402468864899, -8.614296191331643, 4.029989003340294, -7.037056687878369, 9.844924801224717, -2.506973796403744]
[7.073891461307429, 9.585044005374922, -0.26811006812538274, 5.116523764930388, -1.4332321917111592, 6.497366801942157, -7.670598580160952, -1.5648766877526548, -9.173087010649265, 3.136050868962517, 7.405001285413835, 3.624894939168499, -9.52198430907252, -7.731566577583235]
[8.523358118794985, -3.934447217363868, -7.618117228207415, 0.6315151141771054, 0.7502746322618243, -2.429724270132674, 9.48893357391, -0.8674819952091433, -0.12487394991108047, -3.0762000654476367, -4.339055877492692, 2.2849286659013437, -0.31392163661103467, 8.405003356141648]
[5.162082961367421, 1.5263611088250624, 1.3929644761909508, 4.244379492447955, -6.143184831992931, 5.862176746374587, -7.603208762540148, -5.864654626362791, -3.1778942997763915, 6.708895156634181, 9.096124312387921, 3.296876328216909, 9.67695472019809, 6.523713592186606]
[7.353277841096883, -7.60019313479977, 1.7725471200693619, 7.3864532259453455, 0.39972902011091094, 3.4084927372590084, -8.7852544118149, -2.414801766891035, 8.101656362845617, 8.533224970924493, 8.389341365834415, -4.004334031195437, 6.183191907323323, -7.7075145208576545]
[6.018048605073783, -2.966395790834526, -4.545306223746697, -7.703194848914283, -5.599183211127694, 9.573449444555418, -2.629083019410448, -4.055517996470092, 2.84320604607535, 9.616168070925994, -4.142888662331005, -5.237878689911913, 5.672835738542915, -1.9486374672835165]
[8.689247503869058, -7.051863838520216, 2.6948015789582787, 6.072261792200642, -5.361841376605474, 4.799187617757765, -4.501939064866349, -0.8595429306288498, 9.270492819993908, -6.01393801975338, -0.02377118486521823, -0.6044876226925293, -4.849610308090568, 3.0849527928153897]
[7.028061439573371, 3.573286978775643, -3.5593240226734775, 4.574428813427334, 6.132562419863021, 5.568570577498132, -6.5898719341455125, -1.499423319805004, -6.165706120185215, -3.8460902006386437, -3.23822564749584, -4.244049508598913, -1.6089810888491112, -1.7954346051213825]
[7.304354597254157, 2.901054832224208, -0.9960192221747519, 7.5971068278235165, -8.842598896752357, -2.2763371158070145, 1.0877301169209836, -1.9780828454273607, -0.49789628487596893, -1.217139131093031, 5.461548434951336, -9.647923495199995, 9.653876983263654, 0.5489626732961401]
[9.153364880155387, -9.340888120604223, -9.605633919040153, -4.1821142842099075, -8.02724908528473, 7.559504372612082, -9.694647224155448, -1.4481594069887258, -6.361404530805325, 6.645117213998596, 5.821079111615287, 6.845045039627024, 7.861453446684742, -2.8723658987624283]
[9.20943026336645, 1.7349636368578292, 4.814790649499987, 6.164257866564704, -9.350665845845239, -4.161138687304778, -9.1654710062593, -0.6733179369732447, -4.093065916261585, 3.6308850606341885, -5.227973100879946, 4.005054327181011, 7.6772211585483845, 8.874122517203208]
[8.045021044183834, -6.774666263899601, -5.444510352557328, 6.692557654775676, -4.026952962680537, 1.7043939491073807, -4.3421382132539454, -2.4961452442700294, 5.38282845508955, 3.855477261590414, 9.650312577271677, 9.813279094690788, 3.935990401968093, 7.638533615572271]
[7.097394495833168, 5.2705716006937635, 3.789695920046796, 6.82669759926074, 3.935606643181517, 8.024507751663673, 0.6147744904528789, -1.7757085713938245, 7.402015075610542, -2.4507234472408452, 6.955911418658886, 1.67053770223297, -0.23216727003462623, -2.0621910269903836]
[9.375776881767376, 4.790284430272759, -2.82816432375971, -1.1434305106090914, 3.0010901227324887, 5.925244766494277, 3.626013558157009, 1.0017873089781464, -7.3677346699102575, 6.055319148913618, -8.831575314354772, 0.5991791094467107, -3.554824760963095, -4.4549016666370855]
[7.600864197098154, -3.3660006472385406, 9.361828269380357, 9.317212657850234, 9.645675272765235, 5.65909494453005, -1.7107285628022133, -1.3394318630105069, 8.814820684702852, -1.9943359666380651, -2.8747875254168935, -6.168056731638407, 0.08656732146936363, 6.320300268878253]
[5.949857715107388, 8.69541009022797, 3.4344382154432935, -8.122521968215459, 5.451419197304208, -7.765450190345837, -9.619289582377705, -4.508666523869527, -1.1526784179733234, -4.688348062076044, 7.677354370508375, 9.671331717099768, 8.782637137256863, 7.130145186990937]
[9.687563949242413, -5.949571892490717, -1.8169373459522618, 1.9475258503746478, 1.2643806708751253, -6.511991490289811, 0.5919508887328604, 0.73984053516104, -8.060106986336056, 7.7859148471164055, -2.929297465097898, -5.560791634025303, -2.3476756978332585, -3.9105448300749472]
[8.286233312834788, 5.396692296703765, -9.222471489241668, -4.413388562558891, -7.822112641255796, 6.688053018117138, 6.75677590247593, -1.287316519155171, 5.409748049117001, 7.6558436380476, 8.263771271730953, -1.392227748517577, -1.6259739810402074, -5.709332174473277]
[9.074593321942235, 5.96749395405161, 3.995827095034482, -7.477108959036816, -1.9497083779741136, -3.2167648239746, -7.730818767764502, -0.014311086253218974, -0.2730993489296889, -8.150487310234373, 4.961018320727053, 2.0127999784181956, -6.00184869012822, -5.80120973002318]
[9.325003414163248, 6.942023175588382, 5.522267767225307, 5.030292565814822, 0.11102246329605592, 6.599095646413744, 5.404609423047566, 1.815796947606838, -5.046048912666137, -3.39623063413236, -9.218457745911778, -2.594910532870709, -8.904240500136726, -5.959210605011407]
[9.107444965314826, 4.865887900971902, -2.972446321897248, 4.739598545946182, 1.3545959283702818, 0.6859815517110839, -2.008462815939504, -0.533650835203769, 6.386487528861046, 2.7138201517726728, -4.8204169126282554, 1.2748960482387073, 8.097753479617396, 4.278905790620151]
[9.554723993344318, 4.768367815835264, 6.340004614296941, -3.3318221332490054, -2.8361636168524846, 1.5478081890757895, -8.796516234882672, -0.7567824393646401, 9.536306973023393, 9.480946814258676, 9.22480931375, -0.5531891915377116, 3.1046609658028874, 5.400555846600257]
[8.881862741969297, 2.91875902317007, -7.508702363260533, -4.443922406843206, -8.506758818607604, 1.2978417509352642, -1.2648960518448966, -0.16862623182715986, -6.723072865211965, -7.522337642565464, -0.521876895559906, 3.872884227252735, 2.8590139097290965, -9.456310800491671]
[9.814099266963346, -8.353275008595178, 7.944313461624258, 4.60078650633352, 9.950321382689122, 5.935263433661751, 4.604944569699857, 3.072447197217441, -4.03687796543138, -4.210208512986524, 3.5200327296214855, -8.146787453952404, -7.395671590094787, -9.980788261602596]
[7.633564042259213, 6.84506714570249, 5.308643896433971, 7.160097712728216, -9.051465258251987, 5.278388778120906, -9.564014954790398, -1.650067994570465, 4.752538528811986, -5.938464476537941, 7.990235256503684, -6.543580852971798, 9.644580252189904, -6.2995323985336915]
[9.535427162404414, -4.81711662098548, 2.408723649902507, 8.875395474862785, -7.02611466812807, 4.161684944628352, -9.98062726624517, -0.1615224153161936, -3.0896011896913027, 2.697615094882032, 8.578832916106837, -0.61886073789438, 0.7874459008881534, -1.3330508158935466]
[8.406522253330316, 2.146475009132038, -3.770305128820848, -0.5902398307966443, -5.26005099372123, 6.872100838551027, -3.4704090129557823, -1.447335505323057, 8.981380562464011, 7.659458900802186, -9.886413624014113, 6.613680859449605, 2.940449740130811, -0.10199984382270877]
[4.010743593995992, -5.255952193525186, -4.946185809626435, 9.144561182679162, -5.673565254921207, 9.958360220388649, -1.5503192742909366, -5.6189096916962855, 0.9654707793518096, -5.318385550304596, 4.3671233353384675, -4.008054258281892, -5.35280362037263, -6.969125765684221]
[9.551538711766526, 1.4020720189332536, 2.0679624081174364, -4.493014345529536, -7.1186837634958655, -9.23725163455613, 3.496800780581765, 0.4065226334763512, 7.4359998575712964, 1.1713654387288823, -8.005163534269272, -3.4920738473988955, -6.016288773725034, -4.935155591516926]
[8.534736565465266, -2.368631456785244, -3.0851471813807274, 9.653050301035922, 0.8778896731814161, 5.794090712530544, 2.1890326219708847, -0.5688605942116745, -7.01105862806614, 9.993502921854493, -5.656995471855273, 8.56846476432898, 2.3370767875188285, -0.9424427661292114]
[9.180524920192532, -7.071976621036072, -0.505293553984945, 7.552945360330053, -6.625430655034588, 9.158433192143612, 4.280399578641488, -0.34654451603843484, -3.0706552746668825, 2.026199567440134, 1.7564422476680654, 7.849769837211735, 9.22918365216804, -5.983738640864544]
[9.84178236602435, -6.760014991037304, -5.96140081964216, -8.030617546129605, 7.140450682476136, -9.895332599869535, -0.733618363436646, -0.5657502881808352, 4.952351150166033, -8.18818748678532, 9.90048234207984, 2.633693336835897, 7.423399523891231, 6.984202844381638]
[7.069088232796762, 3.022243427870844, -7.98777781891329, -5.812558082305803, -8.38253105765957, 6.723574770074791, 1.7421522616607028, -2.2006949041966557, 6.770372844503051, -5.192401188152072, 1.8233603942119565, -6.057684397079013, -4.346693712000826, -4.757612395374364]
[9.593660154284095, 7.242884077064442, 3.0496919701541874, -1.6837261531293972, -9.295940306201668, -6.207680311856385, -9.16864690661599, 0.5325102102319175, -6.000684110261549, 2.6352541403324246, -8.801482558291504, 0.48746303313200556, 3.385842446458593, -8.96069007693981]
[9.700341196341519, 0.20417296604666468, 7.587591569890279, -7.059513347438616, -2.319627201917351, 1.0714130679163532, 5.2513700787487, -0.024600948685179702, 4.131205436207729, -4.924405011618342, 9.040109685975896, 7.939291209022397, -7.86400689964746, 7.4517368995322215]
[6.880014506040908, -6.232777825585831, -3.7958134070894545, 7.57511691529745, -8.002495023622895, 5.2635980459570515, -6.300577664501521, -2.8282580294023463, 2.243968097976957, -8.876623002498523, 7.601199972054719, 0.8842822759202669, 8.247064310251243, -2.6155196072667426]
[8.672182109178486, 9.50945102116765, 1.6249737094219956, 1.9181154520504649, -5.9059340900315505, 5.016882560993805, -1.001561908006039, -0.8500695640383142, -5.384942738326495, -1.0723633788729323, 9.425978298600764, 6.3531897696486475, 9.394630411961078, 0.7755942901699733]
[8.276103908905682, 6.571457253599608, -1.946415315127707, 9.233847741849011, 7.524236849025794, 1.4552988408938141, 5.794082815227487, -0.9780161909282885, 8.93408239289273, 1.835273433931759, 9.770969403828612, 5.4833191364944405, 8.417375371264683, -8.124592054291384]
[8.740487327863747, 3.282897506876507, -5.283815019403038, 3.299021108825393, 5.747668839336061, 6.023886771152096, -6.8883515831181485, -0.8879199167698086, 8.904160747942743, 2.756183428606162, -5.481823059607973, 6.647930234205525, 7.774354979434218, -2.727022071215921]
